     1     1     2 ar  
     2     1     3 ar  
     3     1     7 ar  
     4     2     4 ar  
     5     2     9 ar  
     6     3     5 ar  
     7     3    22 1   
     8     4     6 ar  
     9     4    12 ar  
    10     5     6 ar  
    11     5    38 1   
    12     6    37 1   
    13     7     8 ar  
    14     7    21 1   
    15     8    10 ar  
    16     8    31 1   
    17     9    10 ar  
    18     9    11 ar  
    19    10    32 1   
    20    11    13 ar  
    21    11    18 ar  
    22    12    13 ar  
    23    12    14 ar  
    24    13    16 ar  
    25    14    15 ar  
    26    14    36 1   
    27    15    17 ar  
    28    15    35 1   
    29    16    17 ar  
    30    16    20 ar  
    31    17    23 1   
    32    18    19 ar  
    33    18    33 1   
    34    19    20 ar  
    35    19    34 1   
    36    20    24 1   
    37    21    25 1   
    38    21    26 2   
    39    22    25 1   
    40    22    27 2   
    41    23    28 1   
    42    23    30 2   
    43    24    28 1   
    44    24    29 2   
    45    25    64 1   
    46    28    39 1   
    47    39    40 1   
    48    39    47 1   
    49    39    48 1   
    50    40    41 1   
    51    40    49 1   
    52    40    50 1   
    53    41    42 1   
    54    41    51 1   
    55    41    52 1   
    56    42    43 1   
    57    42    53 1   
    58    42    54 1   
    59    43    44 1   
    60    43    55 1   
    61    43    56 1   
    62    44    45 1   
    63    44    57 1   
    64    44    58 1   
    65    45    46 1   
    66    45    59 1   
    67    45    60 1   
    68    46    61 1   
    69    46    62 1   
    70    46    63 1   
    71    64    65 1   
    72    64    72 1   
    73    64    73 1   
    74    65    66 1   
    75    65    74 1   
    76    65    75 1   
    77    66    67 1   
    78    66    76 1   
    79    66    77 1   
    80    67    68 1   
    81    67    78 1   
    82    67    79 1   
    83    68    69 1   
    84    68    80 1   
    85    68    81 1   
    86    69    70 1   
    87    69    82 1   
    88    69    83 1   
    89    70    71 1   
    90    70    84 1   
    91    70    85 1   
    92    71    86 1   
    93    71    87 1   
    94    71    88 1   
