     1     1     2 ar  
     2     1     3 ar  
     3     1     7 ar  
     4     2     4 ar  
     5     2     9 ar  
     6     3     5 ar  
     7     3    22 1   
     8     4     6 ar  
     9     4    12 ar  
    10     5     6 ar  
    11     5    38 1   
    12     6    37 1   
    13     7     8 ar  
    14     7    21 1   
    15     8    10 ar  
    16     8    31 1   
    17     9    10 ar  
    18     9    11 ar  
    19    10    32 1   
    20    11    13 ar  
    21    11    18 ar  
    22    12    13 ar  
    23    12    14 ar  
    24    13    16 ar  
    25    14    15 ar  
    26    14    36 1   
    27    15    17 ar  
    28    15    35 1   
    29    16    17 ar  
    30    16    20 ar  
    31    17    23 1   
    32    18    19 ar  
    33    18    33 1   
    34    19    20 ar  
    35    19    34 1   
    36    20    24 1   
    37    21    25 1   
    38    21    26 2   
    39    22    25 1   
    40    22    27 2   
    41    23    28 1   
    42    23    30 2   
    43    24    28 1   
    44    24    29 2   
    45    25    40 1   
    46    28    39 1 